"Year_of_Diagnosis" "All_Ages" "Ages_<50" "Ages_50+"
"1" 1975 5.83 3.78 11.19
"2" 1976 5.28 2.7 12.02
"3" 1977 4.25 2.56 8.68
"4" 1978 4.4 2.36 9.74
"5" 1979 4.58 2.81 9.21
"6" 1980 4.82 2.96 9.67
"7" 1981 4.97 2.64 11.05
"8" 1982 5.3 2.73 12.03
"9" 1983 6.09 3.03 14.09
"10" 1984 8.62 4.79 18.66
"11" 1985 11.53 5.92 26.24
"12" 1986 13.63 6.79 31.56
"13" 1987 17.38 7.82 42.39
"14" 1988 17.58 8.16 42.23
"15" 1989 16.54 7.02 41.48
"16" 1990 19.14 8.38 47.31
"17" 1991 19.79 8.79 48.62
"18" 1992 21.43 9.01 53.98
"19" 1993 20.7 8.36 53.04
"20" 1994 22.31 8.74 57.84
"21" 1995 24.72 9.63 64.24
"22" 1996 25.37 9.85 66.02
"23" 1997 28.35 11.08 73.6
"24" 1998 32.77 12 87.16
"25" 1999 32.75 11.99 87.11
"26" 2000 32.87 11.81 88
"27" 2001 33.69 11.59 91.57
"28" 2002 34.06 11.9 92.07
"29" 2003 32.5 12.03 86.09
"30" 2004 33.24 12.81 86.72
"31" 2005 32.65 12.5 85.4
"32" 2006 33.26 13.84 84.12
"33" 2007 35.38 14.37 90.39
"34" 2008 36.86 14.12 96.41
"35" 2009 37.02 14.42 96.18
"36" 2010 33.91 13.14 88.31
"37" 2011 35.63 14.42 91.17
"38" 2012 33.46 13.66 85.31
"39" 2013 34.93 14.46 88.55
"40" 2014 34.43 14.32 87.11
